15 0.067460 0.335813 0.032407 0.022817
15 0.266700 0.174975 0.026786 0.019593
15 0.288360 0.169767 0.023810 0.016121
15 0.293320 0.189236 0.030423 0.021329
15 0.403108 0.157242 0.030423 0.021329
15 0.465278 0.148934 0.028439 0.020585
15 0.487599 0.170511 0.023479 0.017113
15 0.486442 0.186632 0.026455 0.019593
15 0.517692 0.158978 0.026124 0.021825
15 0.572917 0.161458 0.029431 0.020337
15 0.667493 0.196429 0.028108 0.023313
15 0.708499 0.194568 0.030093 0.021577
15 0.877811 0.349826 0.030093 0.022569
15 0.899802 0.386161 0.031746 0.023313
15 0.896495 0.406374 0.029101 0.019097
15 0.908399 0.425843 0.032407 0.022817
15 0.900959 0.446677 0.029431 0.023313
15 0.943948 0.450025 0.027447 0.021577
15 0.937500 0.483383 0.032407 0.026290
15 0.925099 0.512029 0.026786 0.022569
15 0.902943 0.521949 0.026786 0.019593
15 0.844081 0.445685 0.026124 0.022321
15 0.805556 0.495784 0.029101 0.021329
15 0.913690 0.572545 0.027778 0.019593
15 0.873016 0.627108 0.027778 0.020089
15 0.651786 0.659102 0.029101 0.021081
