0 0.201042 0.229630 0.018750 0.038889
0 0.361719 0.267593 0.023438 0.037037
0 0.501563 0.012500 0.020833 0.023148
0 0.624219 0.029167 0.019271 0.034259
0 0.684115 0.115278 0.023438 0.039815
0 0.734635 0.272222 0.020313 0.035185
0 0.790885 0.340741 0.020313 0.035185
0 0.806771 0.430093 0.019792 0.034259
0 0.829167 0.437037 0.019792 0.037037
0 0.800260 0.488426 0.018229 0.034259
0 0.773958 0.522222 0.018750 0.035185
0 0.789844 0.523611 0.018229 0.030556
0 0.694271 0.874537 0.018750 0.036111
0 0.714844 0.937500 0.017188 0.032407
0 0.675260 0.919907 0.017188 0.032407
0 0.365365 0.975926 0.017188 0.031481
0 0.384375 0.987037 0.015625 0.025926
0 0.271094 0.890278 0.017188 0.032407
0 0.258594 0.895833 0.015104 0.032407
0 0.234115 0.888889 0.022396 0.035185
0 0.231771 0.862037 0.017708 0.025926
0 0.219010 0.847222 0.018229 0.029630
0 0.203646 0.814352 0.018750 0.036111
0 0.212240 0.779630 0.018229 0.031481
0 0.227604 0.762500 0.020833 0.032407