15 0.375165 0.252480 0.016204 0.012897
15 0.385582 0.259549 0.018519 0.012153
15 0.405258 0.255208 0.015542 0.011409
15 0.387566 0.270213 0.017196 0.013145
15 0.523148 0.292535 0.015212 0.014137
15 0.708664 0.412450 0.014550 0.012897
15 0.374008 0.395461 0.013889 0.013145
15 0.341270 0.384301 0.017857 0.014137
15 0.342097 0.364087 0.018849 0.013393
15 0.326720 0.350074 0.015212 0.012649
15 0.299272 0.298239 0.015873 0.012153
15 0.302910 0.279514 0.014550 0.010913
15 0.269841 0.334077 0.014550 0.011409
15 0.275794 0.345238 0.015212 0.010417
15 0.218419 0.325397 0.015542 0.012401
15 0.215774 0.335938 0.015542 0.012153
15 0.249504 0.387649 0.016204 0.012897
15 0.281911 0.412698 0.018849 0.012897
15 0.171131 0.403894 0.015542 0.011657
15 0.134094 0.471850 0.016204 0.013641
15 0.155093 0.478547 0.019180 0.013641
15 0.167659 0.533110 0.017196 0.014137
15 0.206019 0.585565 0.018519 0.013889
15 0.380456 0.583085 0.016865 0.013393
15 0.341931 0.680680 0.020503 0.016121
