15 0.519511 0.283234 0.016534 0.013889
15 0.554563 0.339658 0.017196 0.012649
15 0.675099 0.318576 0.018188 0.016617
15 0.694610 0.309524 0.018188 0.014881
15 0.722388 0.333705 0.014881 0.012153
15 0.720569 0.347470 0.015873 0.012897
15 0.736111 0.344246 0.017196 0.013889
15 0.740741 0.357391 0.015212 0.012401
15 0.748181 0.371528 0.016865 0.013889
15 0.461640 0.343006 0.015873 0.013393
15 0.404266 0.366195 0.016204 0.013641
15 0.244378 0.362475 0.018519 0.013641
15 0.293981 0.426711 0.015873 0.013641
15 0.333829 0.426959 0.017526 0.013145
15 0.213128 0.435144 0.016204 0.012153
15 0.319940 0.491443 0.018188 0.014137
15 0.777612 0.428943 0.018188 0.014633
15 0.781085 0.451761 0.015873 0.013641
15 0.770668 0.531126 0.016865 0.012649
15 0.773148 0.551463 0.016534 0.012649
15 0.738261 0.585938 0.016204 0.013641
15 0.694279 0.621528 0.016204 0.013393
15 0.665344 0.651290 0.017196 0.012897
15 0.592097 0.681424 0.018849 0.015129
15 0.523148 0.671999 0.020503 0.018105
15 0.382440 0.669767 0.017526 0.014633
