0 0.279687 0.028241 0.017708 0.030556
0 0.185938 0.409722 0.016667 0.030556
0 0.165625 0.401852 0.015625 0.031481
0 0.147917 0.418981 0.016667 0.028704
0 0.163281 0.428241 0.016146 0.030556
0 0.168490 0.483796 0.015104 0.026852
0 0.179948 0.496296 0.017188 0.025926
0 0.165885 0.510185 0.015104 0.025926
0 0.153125 0.514815 0.015625 0.027778
0 0.160677 0.538426 0.017188 0.030556
0 0.172396 0.545833 0.018750 0.030556
0 0.163021 0.657870 0.019792 0.032407
0 0.214062 0.823611 0.016667 0.030556
0 0.235156 0.845370 0.015104 0.025926
0 0.231771 0.877778 0.016667 0.031481
0 0.245833 0.882870 0.014583 0.026852
0 0.484375 0.930093 0.016667 0.030556
0 0.613542 0.858796 0.018750 0.034259
0 0.649740 0.948611 0.019271 0.030556
0 0.653385 0.979167 0.019271 0.030556
0 0.691146 0.921759 0.017708 0.032407
0 0.785677 0.628241 0.017188 0.028704
0 0.810156 0.603241 0.018229 0.036111
0 0.699219 0.020833 0.018229 0.034259