0 0.334896 0.015278 0.021875 0.028704
0 0.186979 0.444444 0.018750 0.035185
0 0.166927 0.502778 0.018229 0.031481
0 0.201563 0.514352 0.017708 0.028704
0 0.167969 0.538426 0.015104 0.030556
0 0.150521 0.540278 0.014583 0.028704
0 0.150781 0.564815 0.019271 0.029630
0 0.160417 0.588889 0.017708 0.029630
0 0.158854 0.628704 0.019792 0.033333
0 0.207552 0.684259 0.015104 0.031481
0 0.175521 0.788426 0.017708 0.034259
0 0.220573 0.803704 0.015104 0.031481
0 0.203646 0.814352 0.015625 0.028704
0 0.211198 0.835185 0.015104 0.027778
0 0.241406 0.827778 0.016146 0.027778
0 0.230469 0.845833 0.016146 0.030556
0 0.276562 0.975926 0.018750 0.035185
0 0.295833 0.953704 0.016667 0.031481
0 0.676562 0.876852 0.015625 0.035185
0 0.798698 0.613426 0.015104 0.032407
0 0.487240 0.474537 0.016146 0.032407
0 0.638021 0.236574 0.019792 0.034259