0 0.360677 0.012037 0.014063 0.022222
0 0.306250 0.011111 0.013542 0.020370
0 0.186979 0.392593 0.021875 0.037037
0 0.166146 0.525926 0.020833 0.038889
0 0.208073 0.687500 0.016146 0.030556
0 0.198698 0.735185 0.015104 0.027778
0 0.250260 0.899074 0.015104 0.029630
0 0.263542 0.926852 0.016667 0.029630
0 0.279167 0.907870 0.016667 0.026852
0 0.577604 0.939815 0.015625 0.029630
0 0.642708 0.981481 0.020833 0.035185
0 0.651042 0.950926 0.018750 0.033333
0 0.650260 0.913426 0.020313 0.030556
0 0.698958 0.791204 0.020833 0.036111
0 0.745573 0.566667 0.021354 0.035185
0 0.796094 0.484259 0.020313 0.031481
0 0.784896 0.409259 0.018750 0.035185
0 0.763802 0.324537 0.019271 0.032407
0 0.704167 0.106481 0.018750 0.031481
0 0.717187 0.093519 0.017708 0.035185
0 0.659635 0.017593 0.020313 0.033333