15 0.511078 0.300099 0.016204 0.013393
15 0.517196 0.311632 0.017196 0.013145
15 0.472718 0.314856 0.016204 0.014137
15 0.457341 0.315476 0.017857 0.013889
15 0.426091 0.310144 0.016865 0.012649
15 0.434028 0.323041 0.016865 0.013145
15 0.418320 0.322545 0.016534 0.012153
15 0.402778 0.321801 0.015212 0.013145
15 0.390212 0.326141 0.017196 0.012401
15 0.373677 0.327753 0.017857 0.013145
15 0.367725 0.340774 0.017196 0.012897
15 0.353836 0.333581 0.021164 0.016865
15 0.326554 0.355779 0.018849 0.014137
15 0.312335 0.348958 0.015542 0.011409
15 0.308697 0.361359 0.016865 0.013393
15 0.302083 0.372644 0.015542 0.013145
15 0.291336 0.361731 0.015873 0.010169
15 0.278935 0.367808 0.017526 0.013393
15 0.283399 0.379712 0.015873 0.012897
15 0.271825 0.392733 0.017857 0.012153
15 0.276620 0.404266 0.017526 0.010913
15 0.252480 0.396577 0.017526 0.013889
15 0.256118 0.416047 0.020172 0.014137
15 0.764550 0.545015 0.015873 0.012153
15 0.725364 0.636781 0.015542 0.013641
15 0.666336 0.686880 0.013889 0.011161
