15 0.326885 0.314484 0.018188 0.013393
15 0.309689 0.327505 0.016204 0.012649
15 0.297784 0.344370 0.016204 0.011657
15 0.382771 0.312128 0.013558 0.011657
15 0.398975 0.309028 0.014881 0.010417
15 0.458829 0.298735 0.017526 0.013145
15 0.483962 0.300843 0.017526 0.014385
15 0.540179 0.313740 0.015542 0.012897
15 0.606481 0.321057 0.013228 0.014633
15 0.625496 0.324281 0.017526 0.014633
15 0.628968 0.350198 0.014550 0.010417
15 0.727513 0.422495 0.014550 0.011657
15 0.193618 0.430184 0.014881 0.011161
15 0.206845 0.435640 0.014881 0.012649
15 0.193287 0.442832 0.018188 0.011161
15 0.168155 0.530134 0.014881 0.011657
15 0.180225 0.546999 0.019180 0.014633
15 0.175595 0.561136 0.019841 0.013641
15 0.183036 0.575025 0.017526 0.013641
15 0.237765 0.633557 0.020503 0.014633
15 0.223049 0.644841 0.017526 0.014385
15 0.246693 0.654514 0.019841 0.015873
15 0.493882 0.555308 0.014881 0.015873
15 0.770337 0.512897 0.017526 0.013393
15 0.754464 0.601066 0.016865 0.014137
15 0.347222 0.710193 0.017196 0.013145
