15 0.478340 0.338170 0.017526 0.013145
15 0.501488 0.354663 0.016865 0.013393
15 0.547784 0.384673 0.014220 0.010913
15 0.578704 0.359003 0.013889 0.011657
15 0.623512 0.376612 0.016204 0.013641
15 0.666005 0.416915 0.013889 0.008929
15 0.693452 0.419023 0.012566 0.011161
15 0.741237 0.484499 0.018188 0.012153
15 0.744048 0.496900 0.013889 0.011657
15 0.280754 0.398934 0.014550 0.011161
15 0.372520 0.418527 0.016865 0.013145
15 0.352183 0.506324 0.013889 0.011657
15 0.407407 0.488963 0.016534 0.012649
15 0.739583 0.518477 0.014881 0.012649
15 0.733962 0.531870 0.017526 0.013145
15 0.760913 0.529390 0.015212 0.013145
15 0.746528 0.540055 0.016204 0.011657
15 0.290179 0.580481 0.016865 0.012153
15 0.268188 0.594742 0.013228 0.011905
15 0.317956 0.599206 0.016204 0.012401
15 0.346230 0.626860 0.014550 0.010169
15 0.173115 0.581969 0.016204 0.013145
15 0.181382 0.619792 0.016204 0.012401
15 0.195933 0.612103 0.018188 0.013393
15 0.351687 0.772321 0.017526 0.014881
15 0.531911 0.780754 0.018849 0.013889
