15 0.478836 0.335193 0.017857 0.016121
15 0.483631 0.347594 0.018188 0.015129
15 0.536210 0.340774 0.016204 0.013889
15 0.543485 0.355655 0.017526 0.012897
15 0.567626 0.354539 0.017526 0.013641
15 0.574570 0.366567 0.018188 0.013393
15 0.593750 0.369420 0.016865 0.013641
15 0.612930 0.376612 0.014220 0.012153
15 0.577381 0.386161 0.017857 0.013393
15 0.553571 0.378968 0.017196 0.013889
15 0.612765 0.425843 0.017196 0.013393
15 0.680060 0.414311 0.017526 0.013145
15 0.675761 0.426091 0.017526 0.012897
15 0.692626 0.423611 0.017526 0.013393
15 0.680721 0.442336 0.016865 0.012153
15 0.715278 0.473834 0.017196 0.013145
15 0.733300 0.484003 0.014881 0.012153
15 0.673446 0.513641 0.014881 0.011409
15 0.751653 0.518229 0.015873 0.013145
15 0.756118 0.529142 0.018188 0.014137
15 0.345569 0.360987 0.018519 0.015625
15 0.321429 0.370660 0.018519 0.013145
15 0.249339 0.398065 0.019180 0.013393
15 0.161872 0.511905 0.018188 0.012897
15 0.722553 0.685764 0.015212 0.012401
15 0.486111 0.730283 0.019841 0.014137
