15 0.342593 0.309772 0.020503 0.015377
15 0.383102 0.314236 0.019511 0.014881
15 0.420139 0.337178 0.017526 0.014137
15 0.449570 0.363095 0.018849 0.013393
15 0.293485 0.337550 0.020172 0.016865
15 0.321263 0.379340 0.016865 0.012153
15 0.253307 0.372024 0.020503 0.015377
15 0.222718 0.383929 0.020833 0.013889
15 0.238757 0.393353 0.022487 0.014881
15 0.219907 0.397073 0.019841 0.015873
15 0.222388 0.410962 0.020172 0.016369
15 0.208003 0.430060 0.023810 0.018353
15 0.186839 0.523810 0.022487 0.016865
15 0.186177 0.555680 0.021164 0.015129
15 0.193948 0.586062 0.019511 0.015873
15 0.591435 0.421627 0.016865 0.016369
15 0.603009 0.475446 0.017526 0.013393
15 0.248016 0.652282 0.018519 0.015377
15 0.281911 0.664683 0.018188 0.013889
15 0.364418 0.718502 0.023148 0.015873
15 0.438492 0.747768 0.021825 0.015377
15 0.514716 0.714286 0.016865 0.015873
15 0.585483 0.737227 0.018849 0.015129
15 0.580192 0.647197 0.016865 0.014633
15 0.732474 0.668527 0.017857 0.014137
15 0.777447 0.638269 0.017857 0.013641
