15 0.424769 0.307292 0.019511 0.015873
15 0.437996 0.318080 0.019511 0.011161
15 0.388889 0.332465 0.014550 0.013145
15 0.525132 0.318204 0.017196 0.012401
15 0.557540 0.329861 0.019180 0.016369
15 0.597884 0.338914 0.018519 0.014137
15 0.661210 0.372644 0.017526 0.015625
15 0.752149 0.422495 0.018188 0.012649
15 0.488095 0.362227 0.017196 0.013641
15 0.433697 0.358383 0.018849 0.014385
15 0.455357 0.418527 0.016534 0.015625
15 0.474372 0.427579 0.021495 0.014385
15 0.484292 0.492436 0.019511 0.014633
15 0.615079 0.521329 0.019180 0.013393
15 0.355820 0.511657 0.015873 0.012897
15 0.346065 0.525298 0.019511 0.014881
15 0.372520 0.535962 0.021495 0.015377
15 0.200893 0.441220 0.020833 0.013889
15 0.778439 0.565104 0.021825 0.015625
15 0.765873 0.593998 0.020503 0.015377
15 0.426587 0.649430 0.018519 0.014633
15 0.350198 0.662326 0.019841 0.014137
15 0.422454 0.773313 0.020833 0.014881
15 0.709987 0.689484 0.022487 0.017361
15 0.630126 0.752480 0.022156 0.016369
15 0.564153 0.766741 0.019841 0.015625
