15 0.420800 0.305680 0.024802 0.018601
15 0.464120 0.306920 0.019511 0.015129
15 0.492890 0.304563 0.020172 0.017361
15 0.510086 0.311756 0.018188 0.015377
15 0.522817 0.320437 0.019180 0.014881
15 0.535880 0.310268 0.018188 0.014385
15 0.608631 0.332837 0.020172 0.015873
15 0.591766 0.344122 0.019511 0.015625
15 0.608631 0.347966 0.019511 0.015377
15 0.657573 0.365823 0.017526 0.012401
15 0.689649 0.414559 0.018188 0.014633
15 0.702381 0.437376 0.017196 0.014633
15 0.485450 0.345858 0.017857 0.013145
15 0.458829 0.394221 0.020172 0.016617
15 0.425761 0.441096 0.019511 0.015625
15 0.308697 0.362599 0.018849 0.014385
15 0.244709 0.343502 0.018519 0.012897
15 0.244378 0.356647 0.017857 0.012401
15 0.155589 0.509301 0.019511 0.015625
15 0.175595 0.603051 0.017857 0.014137
15 0.341601 0.544519 0.019180 0.016617
15 0.630456 0.568576 0.018188 0.015129
15 0.683697 0.645957 0.017526 0.014137
15 0.394511 0.668403 0.019841 0.014881
15 0.357970 0.737847 0.018849 0.013393
15 0.451224 0.750496 0.020172 0.013393
