15 0.442460 0.219122 0.019841 0.016121
15 0.678241 0.392857 0.017857 0.014881
15 0.765046 0.428323 0.019511 0.016369
15 0.769180 0.460069 0.020503 0.016865
15 0.781250 0.466890 0.019511 0.015129
15 0.758267 0.475818 0.017196 0.014633
15 0.618221 0.491567 0.018849 0.013889
15 0.542659 0.483011 0.019841 0.016617
15 0.740245 0.546131 0.017526 0.014881
15 0.729828 0.555928 0.019841 0.014137
15 0.721230 0.578621 0.016534 0.011905
15 0.678406 0.597594 0.016865 0.012153
15 0.648644 0.618800 0.017526 0.013393
15 0.614749 0.646577 0.017857 0.013393
15 0.563823 0.647693 0.018519 0.013145
15 0.515377 0.634053 0.016865 0.013145
15 0.533565 0.655010 0.019511 0.014881
15 0.537202 0.671007 0.020172 0.016121
15 0.502646 0.649306 0.019180 0.013889
15 0.500331 0.662574 0.017857 0.013641
15 0.503968 0.675471 0.017857 0.013145
15 0.463128 0.640253 0.018849 0.014633
15 0.461971 0.661706 0.016534 0.012897
15 0.443948 0.657862 0.017526 0.014633
15 0.429894 0.663442 0.017196 0.014385
15 0.383929 0.650546 0.018519 0.012401
